Statistics Table (including x=0 and x=100):
fraction    Avg_sigma^2_r/N_r    Avg_sigma^2_c/N_c Avg_sigma^2_all/N_all (Avg_sigma^2_r/N_r)/(Avg_sigma^2_c/N_c)
--------------------------------------------------------------------------------
    0.00            0.0095223                  nan            0.0095223                 none
    0.01            0.0121363            0.2651587            0.0093946            0.0457700
    0.02            0.0153239            0.2830414            0.0092756            0.0541400
    0.03            0.0198063            0.3175194            0.0091587            0.0623783
    0.04            0.0251307            0.3602822            0.0090360            0.0697528
    0.05            0.0285454            0.3569661            0.0089205            0.0799667
    0.06            0.0344800            0.3822258            0.0088005            0.0902084
    0.07            0.0428906            0.4378128            0.0086868            0.0979656
    0.08            0.0494409            0.4585573            0.0085781            0.1078184
    0.09            0.0626162            0.5357975            0.0084603            0.1168654
    0.10            0.0661897            0.5090990            0.0083449            0.1300133
    0.11            0.0737261            0.5118975            0.0082386            0.1440251
    0.12            0.0911722            0.5915893            0.0081259            0.1541140
    0.13            0.0984938            0.5916193            0.0080106            0.1664818
    0.14            0.1156954            0.6450078            0.0079107            0.1793705
    0.15            0.1186464            0.6131042            0.0078085            0.1935175
    0.16            0.1449127            0.7102651            0.0076898            0.2040262
    0.17            0.1614107            0.7359222            0.0075826            0.2193311
    0.18            0.1740033            0.7454774            0.0074732            0.2334118
    0.19            0.1883284            0.7588868            0.0073700            0.2481640
    0.20            0.2097478            0.7998765            0.0072789            0.2622252
    0.21            0.2307493            0.8285185            0.0071726            0.2785083
    0.22            0.2550084            0.8649621            0.0070685            0.2948203
    0.23            0.2733780            0.8808586            0.0069632            0.3103540
    0.24            0.2826041            0.8622805            0.0068695            0.3277404
    0.25            0.3207123            0.9264756            0.0067687            0.3461638
    0.26            0.3477113            0.9605639            0.0066704            0.3619866
    0.27            0.3790340            0.9990715            0.0065776            0.3793863
    0.28            0.3767930            0.9429070            0.0064724            0.3996078
    0.29            0.4257466            1.0199294            0.0063769            0.4174275
    0.30            0.4702764            1.0743612            0.0062759            0.4377265
    0.31            0.5139770            1.1243042            0.0061700            0.4571511
    0.32            0.5326395            1.1105982            0.0060845            0.4795969
    0.33            0.5757984            1.1494801            0.0059907            0.5009207
    0.34            0.6293202            1.2021697            0.0058902            0.5234870
    0.35            0.6628134            1.2137079            0.0058063            0.5461062
    0.36            0.6976011            1.2239878            0.0057458            0.5699412
    0.37            0.7501291            1.2624892            0.0056399            0.5941667
    0.38            0.7882489            1.2722487            0.0055466            0.6195713
    0.39            0.8513767            1.3217992            0.0054687            0.6441044
    0.40            0.8901392            1.3220885            0.0053763            0.6732826
    0.41            0.9582710            1.3715474            0.0053026            0.6986787
    0.42            1.0759321            1.4770984            0.0051958            0.7284092
    0.43            1.0502309            1.3851108            0.0051373            0.7582288
    0.44            1.1601411            1.4707816            0.0050406            0.7887923
    0.45            1.2411838            1.5121454            0.0049820            0.8208098
    0.46            1.3154656            1.5355529            0.0048834            0.8566723
    0.47            1.4154716            1.5905051            0.0048070            0.8899510
    0.48            1.4423378            1.5618226            0.0047472            0.9234966
    0.49            1.5722134            1.6351214            0.0046660            0.9615270
    0.50            1.6853350            1.6873051            0.0045950            0.9988324
    0.51            1.7552316            1.6868982            0.0045420            1.0405083
    0.52            1.8344533            1.6941712            0.0044450            1.0828028
    0.53            1.9038522            1.6920982            0.0044042            1.1251429
    0.54            2.0540927            1.7560135            0.0043424            1.1697476
    0.55            2.1580638            1.7737106            0.0042561            1.2166944
    0.56            2.2743577            1.7932358            0.0042156            1.2682982
    0.57            2.4635883            1.8661138            0.0040962            1.3201705
    0.58            2.5491879            1.8521479            0.0040537            1.3763414
    0.59            2.6940491            1.8845934            0.0039910            1.4295121
    0.60            2.9531883            1.9825937            0.0039146            1.4895579
    0.61            3.0000823            1.9294852            0.0039104            1.5548615
    0.62            3.2033755            1.9763584            0.0038237            1.6208474
    0.63            3.2720157            1.9368333            0.0037252            1.6893636
    0.64            3.5972382            2.0386770            0.0036722            1.7644964
    0.65            3.7750414            2.0504962            0.0036372            1.8410380
    0.66            3.9232867            2.0372548            0.0036059            1.9257712
    0.67            4.2640808            2.1195018            0.0034724            2.0118316
    0.68            4.5114447            2.1442178            0.0034595            2.1040049
    0.69            4.9318118            2.2395990            0.0033550            2.2020959
    0.70            5.1351615            2.2276590            0.0033404            2.3051829
    0.71            5.4442154            2.2498982            0.0032777            2.4197608
    0.72            6.0010315            2.3631006            0.0031996            2.5394736
    0.73            6.1332556            2.3013332            0.0031539            2.6650881
    0.74            6.3918941            2.2784220            0.0047109            2.8054040
    0.75            6.7046336            2.2780115            0.0123473            2.9431957
    0.76            6.6606379            2.1677509            0.0270865            3.0726030
    0.77            6.6192213            2.0959618            0.0783742            3.1580829
    0.78            6.2160730            1.9944468            0.1953557            3.1166903
    0.79            5.7649132            1.8956929            0.3091569            3.0410586
    0.80            5.1762420            1.8227353            0.4610511            2.8398211
    0.81            4.7713063            1.8273744            0.6438587            2.6110174
    0.82            4.3497205            1.8361287            0.7989982            2.3689628
    0.83            3.9809220            1.8408486            0.9272306            2.1625472
    0.84            3.7207887            1.9081108            1.0560502            1.9499857
    0.85            3.5361784            1.9076571            1.1345491            1.8536761
    0.86            3.1295955            1.9561432            1.2558160            1.5998806
    0.87            2.9025785            1.9798664            1.3303281            1.4660477
    0.88            2.7500215            1.9973449            1.3940731            1.3768386
    0.89            2.4080683            2.0093643            1.4771244            1.1984229
    0.90            2.2600457            2.0669225            1.5693320            1.0934351
    0.91            2.0279132            2.0616925            1.6058352            0.9836157
    0.92            1.8293897            2.1318203            1.7363454            0.8581351
    0.93            1.5963986            2.1187984            1.7797581            0.7534453
    0.94            1.4625808            2.1787287            1.8830867            0.6713001
    0.95            1.2594388            2.1454896            1.9170936            0.5870170
    0.96            1.0770416            2.1642487            1.9979486            0.4976515
    0.97            0.8652231            2.2494609            2.1272344            0.3846358
    0.98            0.6872006            2.3044844            2.2320041            0.2982014
    0.99            0.5267173            2.3235919            2.2873408            0.2266824
    1.00                  nan            2.4957425            2.4957425                 none
