fraction_c   (sigma_c)^2/N_c      (sigma_r)^2/N_r      (sigma_all)^2/N_all  deta_r               deta_r - 1           pearson             
------------------------------------------------------------------------------------------------------------------------------------
0.00         None                 8.6934764E-03        8.6934764E-03        None                 None                 None                
0.01         2.3902091E-01        1.1189869E-02        8.5695225E-03        5.3755622E-01        -4.6244378E-01       -4.6249456E-01      
0.02         2.5447053E-01        1.4031694E-02        8.4584260E-03        4.0376196E-01        -5.9623804E-01       -5.9629961E-01      
0.03         3.0565176E-01        1.8344969E-02        8.3169817E-03        2.8764414E-01        -7.1235586E-01       -7.1241541E-01      
0.04         3.2167091E-01        2.2353195E-02        8.2028472E-03        2.3744445E-01        -7.6255555E-01       -7.6261761E-01      
0.05         3.5375160E-01        2.7651045E-02        8.0829607E-03        1.8360771E-01        -8.1639229E-01       -8.1645132E-01      
0.06         3.4564442E-01        3.1151005E-02        7.9727125E-03        1.6547652E-01        -8.3452348E-01       -8.3458616E-01      
0.07         4.0426586E-01        3.9551849E-02        7.8658640E-03        1.3122915E-01        -8.6877085E-01       -8.6882677E-01      
0.08         4.4922646E-01        4.8303130E-02        7.7496171E-03        1.0185887E-01        -8.9814113E-01       -8.9819246E-01      
0.09         4.5234107E-01        5.3976661E-02        7.6146703E-03        9.1675094E-02        -9.0832491E-01       -9.0837608E-01      
0.10         4.6437456E-01        6.0894289E-02        7.5047223E-03        7.9957968E-02        -9.2004203E-01       -9.2009183E-01      
0.11         4.9287801E-01        7.0283738E-02        7.4016050E-03        7.0065990E-02        -9.2993401E-01       -9.2998214E-01      
0.12         5.5738352E-01        8.5383504E-02        7.2829053E-03        5.5049222E-02        -9.4495078E-01       -9.4499233E-01      
0.13         5.6910463E-01        9.4537718E-02        7.1741240E-03        5.0033485E-02        -9.4996652E-01       -9.5000834E-01      
0.14         6.1677449E-01        1.0988952E-01        7.0744936E-03        4.1329066E-02        -9.5867093E-01       -9.5870786E-01      
0.15         5.9281343E-01        1.1414440E-01        6.9802805E-03        4.0067065E-02        -9.5993294E-01       -9.5997163E-01      
0.16         6.5988934E-01        1.3517486E-01        6.8534426E-03        3.4022581E-02        -9.6597742E-01       -9.6601225E-01      
0.17         6.6167619E-01        1.4506527E-01        6.7539023E-03        3.1647870E-02        -9.6835213E-01       -9.6838685E-01      
0.18         6.9513326E-01        1.6220621E-01        6.6593707E-03        2.8044009E-02        -9.7195599E-01       -9.7198958E-01      
0.19         7.4004233E-01        1.8314629E-01        6.5466061E-03        2.4492357E-02        -9.7550764E-01       -9.7553852E-01      
0.20         7.5404027E-01        1.9806514E-01        6.4234724E-03        2.2208269E-02        -9.7779173E-01       -9.7782141E-01      
0.21         7.6126282E-01        2.1191254E-01        6.3218168E-03        2.1081674E-02        -9.7891833E-01       -9.7894802E-01      
0.22         7.8708018E-01        2.3149880E-01        6.2700436E-03        1.9645525E-02        -9.8035447E-01       -9.8038294E-01      
0.23         8.4209247E-01        2.6094150E-01        6.1396987E-03        1.7100895E-02        -9.8289910E-01       -9.8292547E-01      
0.24         8.6056630E-01        2.8120124E-01        6.0217683E-03        1.5355586E-02        -9.8464441E-01       -9.8466964E-01      
0.25         8.7161649E-01        2.9996522E-01        5.9300494E-03        1.4575724E-02        -9.8542428E-01       -9.8544954E-01      
0.26         8.9258866E-01        3.2299978E-01        5.8276693E-03        1.3313644E-02        -9.8668636E-01       -9.8671050E-01      
0.27         9.5139888E-01        3.6112513E-01        5.7329490E-03        1.1634187E-02        -9.8836581E-01       -9.8838771E-01      
0.28         1.0011905E+00        3.9845676E-01        5.6385033E-03        1.0752134E-02        -9.8924787E-01       -9.8926891E-01      
0.29         1.0186980E+00        4.2508112E-01        5.5394556E-03        1.0132964E-02        -9.8986704E-01       -9.8988755E-01      
0.30         1.0545607E+00        4.6094683E-01        5.4527298E-03        8.9716221E-03        -9.9102838E-01       -9.9104753E-01      
0.31         1.0661032E+00        4.8770574E-01        5.3431516E-03        8.4907317E-03        -9.9150927E-01       -9.9152775E-01      
0.32         1.0757078E+00        5.1485839E-01        5.2541995E-03        7.9327984E-03        -9.9206720E-01       -9.9208517E-01      
0.33         1.1651111E+00        5.8212909E-01        5.1571561E-03        7.0425769E-03        -9.9295742E-01       -9.9297372E-01      
0.34         1.1564483E+00        6.0381840E-01        5.1069743E-03        6.9739898E-03        -9.9302601E-01       -9.9304228E-01      
0.35         1.2447093E+00        6.7787451E-01        4.9847295E-03        6.0971007E-03        -9.9390290E-01       -9.9391746E-01      
0.36         1.2405924E+00        7.0542231E-01        4.8777523E-03        5.9275084E-03        -9.9407249E-01       -9.9408752E-01      
0.37         1.2094118E+00        7.1776857E-01        4.8229918E-03        5.7185205E-03        -9.9428148E-01       -9.9429633E-01      
0.38         1.2834876E+00        7.9360921E-01        4.7193323E-03        5.1237767E-03        -9.9487622E-01       -9.9488956E-01      
0.39         1.2949038E+00        8.3457632E-01        4.6279073E-03        4.8283510E-03        -9.9517165E-01       -9.9518455E-01      
0.40         1.3354771E+00        8.9644697E-01        4.5537237E-03        4.5356674E-03        -9.9546433E-01       -9.9547640E-01      
0.41         1.3035881E+00        9.1188147E-01        4.4486540E-03        4.4252375E-03        -9.9557476E-01       -9.9558704E-01      
0.42         1.4260225E+00        1.0377350E+00        4.3691550E-03        3.8919329E-03        -9.9610807E-01       -9.9611865E-01      
0.43         1.4168563E+00        1.0735436E+00        4.3023396E-03        3.7613311E-03        -9.9623867E-01       -9.9624890E-01      
0.44         1.4514753E+00        1.1445180E+00        4.2474750E-03        3.5068122E-03        -9.9649319E-01       -9.9650256E-01      
0.45         1.4699653E+00        1.2062561E+00        4.1496800E-03        3.3099999E-03        -9.9669000E-01       -9.9669893E-01      
0.46         1.4952669E+00        1.2765491E+00        4.0594541E-03        3.0880718E-03        -9.9691193E-01       -9.9691998E-01      
0.47         1.4653854E+00        1.3020041E+00        4.0021122E-03        3.0444330E-03        -9.9695557E-01       -9.9696367E-01      
0.48         1.5501468E+00        1.4322599E+00        3.8852277E-03        2.7828590E-03        -9.9721714E-01       -9.9722431E-01      
0.49         1.5479822E+00        1.4879565E+00        3.8586618E-03        2.6893299E-03        -9.9731067E-01       -9.9731736E-01      
0.50         1.6822711E+00        1.6921445E+00        3.7437480E-03        2.3362254E-03        -9.9766377E-01       -9.9765597E-01      
0.51         1.5959142E+00        1.6821522E+00        3.6635715E-03        2.3412222E-03        -9.9765878E-01       -9.9764257E-01      
0.52         1.6098575E+00        1.7648595E+00        3.6355333E-03        2.2689824E-03        -9.9773102E-01       -9.9771610E-01      
0.53         1.6862927E+00        1.9230018E+00        3.5362528E-03        2.0394907E-03        -9.9796051E-01       -9.9794693E-01      
0.54         1.7219593E+00        2.0425043E+00        3.5035482E-03        1.9719995E-03        -9.9802800E-01       -9.9801573E-01      
0.55         1.7369688E+00        2.1446535E+00        3.3937112E-03        1.8581970E-03        -9.9814180E-01       -9.9812983E-01      
0.56         1.8212296E+00        2.3396089E+00        3.3492410E-03        1.6977199E-03        -9.9830228E-01       -9.9829177E-01      
0.57         1.8152599E+00        2.4281975E+00        3.2757825E-03        1.6515453E-03        -9.9834845E-01       -9.9833829E-01      
0.58         1.8498291E+00        2.5761072E+00        3.2478986E-03        1.5741367E-03        -9.9842586E-01       -9.9841674E-01      
0.59         1.8358754E+00        2.6638588E+00        3.1528035E-03        1.5123435E-03        -9.9848766E-01       -9.9847879E-01      
0.60         1.8975341E+00        2.8681785E+00        3.0892426E-03        1.4228461E-03        -9.9857715E-01       -9.9856914E-01      
0.61         1.9204872E+00        3.0260219E+00        3.0612628E-03        1.3632004E-03        -9.9863680E-01       -9.9862931E-01      
0.62         1.9423164E+00        3.1911074E+00        2.9858972E-03        1.2868593E-03        -9.9871314E-01       -9.9870628E-01      
0.63         1.9704529E+00        3.3773147E+00        2.8969608E-03        1.2172676E-03        -9.9878273E-01       -9.9877635E-01      
0.64         2.0404175E+00        3.6499296E+00        2.8251480E-03        1.1410636E-03        -9.9885894E-01       -9.9885301E-01      
0.65         2.0133214E+00        3.7607275E+00        2.8130937E-03        1.1172723E-03        -9.9888273E-01       -9.9887752E-01      
0.66         2.0365302E+00        3.9750196E+00        2.7288049E-03        1.0523535E-03        -9.9894765E-01       -9.9894281E-01      
0.67         2.1106174E+00        4.3068628E+00        2.6210663E-03        9.6769127E-04        -9.9903231E-01       -9.9902802E-01      
0.68         2.1385600E+00        4.5649880E+00        2.6569496E-03        9.5776731E-04        -9.9904223E-01       -9.9903863E-01      
0.69         2.1617066E+00        4.8316749E+00        2.5612712E-03        8.9209302E-04        -9.9910791E-01       -9.9910475E-01      
0.70         2.2039998E+00        5.1622262E+00        2.5026635E-03        8.3317426E-04        -9.9916683E-01       -9.9916418E-01      
0.71         2.2496025E+00        5.5268201E+00        2.3880848E-03        7.8127240E-04        -9.9921873E-01       -9.9921638E-01      
0.72         2.1930503E+00        5.6576709E+00        2.3833052E-03        7.8359507E-04        -9.9921640E-01       -9.9921435E-01      
0.73         2.2599466E+00        6.1252452E+00        2.3221632E-03        7.3563762E-04        -9.9926436E-01       -9.9926320E-01      
0.74         2.3331236E+00        6.6397673E+00        6.2346489E-03        1.6306591E-03        -9.9836934E-01       -9.9836972E-01      
0.75         2.2933930E+00        6.8478244E+00        1.3083293E-02        3.3627912E-03        -9.9663721E-01       -9.9664010E-01      
0.76         2.1129582E+00        6.5601632E+00        4.0610229E-02        1.2668664E-02        -9.8733134E-01       -9.8734127E-01      
0.77         2.0939269E+00        6.7614454E+00        7.0731039E-02        2.2148175E-02        -9.7785182E-01       -9.7786758E-01      
0.78         1.9965644E+00        6.5458607E+00        1.3523770E-01        4.4344844E-02        -9.5565516E-01       -9.5568797E-01      
0.79         1.8654246E+00        5.9889076E+00        2.4963976E-01        8.6192825E-02        -9.1380717E-01       -9.1386595E-01      
0.80         1.8235525E+00        5.5561028E+00        4.0420617E-01        1.4821639E-01        -8.5178361E-01       -8.5187598E-01      
0.81         1.8064704E+00        4.8709257E+00        6.1594211E-01        2.3527377E-01        -7.6472623E-01       -7.6486865E-01      
0.82         1.7886837E+00        4.4807671E+00        7.2687265E-01        2.8247506E-01        -7.1752494E-01       -7.1771413E-01      
0.83         1.7763574E+00        4.0076845E+00        8.7460907E-01        3.5967280E-01        -6.4032720E-01       -6.4055109E-01      
0.85         1.8908518E+00        3.5115835E+00        1.1435123E+00        4.5867796E-01        -5.4132204E-01       -5.4162908E-01      
0.86         1.8887660E+00        3.1685401E+00        1.2304032E+00        5.0703367E-01        -4.9296633E-01       -4.9330776E-01      
0.87         1.9195595E+00        2.8622437E+00        1.3040390E+00        5.3238222E-01        -4.6761778E-01       -4.6803320E-01      
0.88         1.9535456E+00        2.6739725E+00        1.3926848E+00        5.6569552E-01        -4.3430448E-01       -4.3474517E-01      
0.89         2.0051131E+00        2.4786377E+00        1.4740773E+00        5.8223086E-01        -4.1776914E-01       -4.1826387E-01      
0.90         2.0268613E+00        2.2353066E+00        1.5382974E+00        6.0485570E-01        -3.9514430E-01       -3.9569465E-01      
0.91         2.0468461E+00        2.0789330E+00        1.6119699E+00        6.2969375E-01        -3.7030625E-01       -3.7087385E-01      
0.92         2.1283071E+00        1.8461127E+00        1.7307059E+00        6.5393461E-01        -3.4606539E-01       -3.4667566E-01      
0.93         2.0826162E+00        1.6496553E+00        1.7596138E+00        6.9001743E-01        -3.0998257E-01       -3.1058117E-01      
0.94         2.0582513E+00        1.4227621E+00        1.8097226E+00        7.4064438E-01        -2.5935562E-01       -2.5993624E-01      
0.95         2.1156688E+00        1.3057173E+00        1.9034954E+00        7.6044266E-01        -2.3955734E-01       -2.4013863E-01      
0.96         2.1510302E+00        1.0927031E+00        1.9894395E+00        8.0058561E-01        -1.9941439E-01       -1.9998214E-01      
0.97         2.2189151E+00        8.9390892E-01        2.1088831E+00        8.4884729E-01        -1.5115271E-01       -1.5169190E-01      
0.98         2.2320344E+00        7.3246755E-01        2.1689847E+00        9.0487611E-01        -9.5123890E-02       -9.5571814E-02      
0.99         2.3508155E+00        5.6862347E-01        2.3219293E+00        9.4967079E-01        -5.0329208E-02       -5.0678318E-02      
1.00         2.3951652E+00        None                 2.3951652E+00        None                 None                 None                
